x=[
157
159
89
537
80
407
97
163
177
170
213
1186
209
202
92
18
599
522
188
173
966
69
42
274
111
461
57
49
205
11
2236
895
83
159
570
796
99
299
140
93
80
612
146
938
88
416
108
161
280
175
66
57
862
399
933
103
187
170
208
235
353
618
241
6
30
1127
705
62
82
291
327
11
409
360
169
151
355
378
706
6
454
89
599
218
605
51
1355
402
69
422
217
378
1502
14
54
393
248
17
121
287
507
125
4
658
77
750
151
485
16
179
312
703
10
23
482
73
81
362
92
272
118
37
660
160
784
381
24
33
127
110
643
363
112
307
290
1012
6
86
611
50
50
77
175
23
33
163
60
202
47
536
51
197
377
266
44
555
284
100
633
40
79
38
53
152
289
265
12
139
251
41
103
672
160
234
239
205
538
229
10
7
101
77
146
1256
135
1083
284
346
434
127
211
411
31
269
282
39
77
187
52
58
151
374
816
822
562
37
255
36
49
145
71
1079
856
449
5
327
125
466
219
27
353
389
77
681
790
238
216
434
74
452
73
165
42
632
780
324
18
634
185
538
23
310
170
977
1707
273
184
14
522
94
688
323
106
193
327
191
467
224
1
346
93
88
469
39
203
75
79
753
83
1303
209
231
386
379
86
26
756
7
186
289
25
136
310
204
23
566
453
119
558
462
17
370
308
529
494
87
103
17
325
9
66
500
121
21
112
382
17
678
450
278
39
575
186
417
199
46
36
121
635
106
131
109
200
43
70
331
229
428
170
156
608
456
109
848
783
82
46
202
28
170
78
35
632
60
167
514
1618
293
32
293
287
60
327
449
949
381
164
49
260
251
753
10
130
169
239
62
284
547
281
262
172
64
226
227
217
1929
220
342
274
170
111
308
1162
411
76
289
1124
365
121
622
689
242
554
152
181
361
210
258
16
289
70
94
8
45
223
23
52
343
145
53
244
224
284
224
112
394
254
984
666
463
264
320
473
259
149
354
132
464
122
132
89
107
223
237
296
374
321
55
97
250
414
500
1110
122
192
299
102
552
124
326
677
45
163
228
698
185
556
523
29
131
488
1412
259
253
81
40
578
509
964
180
346
942
177
678
494
419
904
227
842
417
88
102
8
154
326
424
73
1521
258
164
228
227
93
55
375
29
38
170
56
524
20
476
235
44
151
154
563
49
360
7
301
33
43
42
53
342
409
488
18
837
18
517
150
750
335
464
366
202
12
291
615
261
64
99
130
126
284
9
396
134
968
36
26
215
673
65
9
241
344
136
33
8
572
30
81
265
249
1067
821
136
926
245
35
151
51
70
926
471
70
68
873
345
259
12
125
243
235
72
66
21
29
130
141
887
283
6
187
23
24
20
44
97
768
532
613
15
139
31
236
331
144
20
503
678
1193
85
497
458
60
297
24
395
58
667
78
142
28
30
118
146
848
289
140
431
29
407
1392
464
545
351
316
39
170
193
211
82
68
157
80
376
1
280
752
230
399
123
139
881
40
236
724
1603
198
162
21
118
363
116
48
121
51
848
50
96
416
3
10
162
581
157
362
544
106
10
530
791
56
87
567
92
322
109
52
571
288
183
1137
171
28
109
589
602
216
9
94
70
514
1047
88
286
53
130
308
280
178
210
414
534
185
165
18
676
382
10
554
136
584
906
70
227
346
52
205
15
357
128
250
1268
74
139
614
193
776
252
535
178
797
127
187
301
64
577
394
148
172
33
268
161
111
123
67
8
3
19
91
1694
27
215
892
301
289
880
168
37
240
273
149
416
114
272
280
65
234
441
896
87
7
283
603
131
331
92
417
104
344
727
71
111
314
131
334
47
459
50
113
39
10
69
453
638
93
5
314
544
98
285
45
988
472
139
1189
1
79
280
1447
343
160
120
82
14
944
770
120
198
256
53
427
237
953
138
490
56
232
25
725
134
429
14
19
1081
50
728
28
311
640
182
155
212
2
316
28
399
56
205
588
261
854
596
552
722
218
103
289
734
1296
1227
242
9
900
841
535
359
278
201
63
13
32
38
490
16
133
802
124
142
12
243
238
125
822
607
196
70
196
148
374
145
243
311
263
256
152
155
706
221
402
21
38
161
997
40
136
251
187
864
164
174
719
499
6
298
355
212
173
672
75
108
778
506
100
357
567
67
84
412
25
482
84
124
252
186
45
75
267
98
157
61
279
584
389
64
84
103
181
520
117
693
365
644
173
161
107
201
14
256
78
214
205
577
684
368
20
125
644
139
122
140
138
587
2
12
8
546
230
40
231
266
263
294
201
71
450
133
541
29
365
546
345
177
308
1137
]